Iter | Func-count | Fval          | Feasibility | Step Length | Norm of step | First-order optimality | Mach     | Alt      | W_Fuel   | Span     | Kink Chord  | LE Sweep  | Outer Taper  | FTank Eta  | Front Spar  | Rear Spar  | Au CST 1  | Au CST 2  | Au CST 3  | Au CST 4  | Au CST 5  | Al CST 1  | Al CST 2  | Al CST 3  | Al CST 4  | Al CST 5 
   0 |         21 | -1.009781e+00 |   5.803e-08 |   0.000e+00 | 5.359e+00 |  | 0.8093 | 11887.2000 | 694410.6600 | 60.3000 | 7.6931 | 0.5585 | 0.2860 | 0.8500 | 0.2000 | 0.7500 | 0.1459 | 0.1809 | 0.1075 | 0.2600 | 0.2516 | -0.2034 | 0.0091 | -0.3087 | 0.0758 | 0.0643 | -0.1928 | 0.0000
   1 |         56 | -1.010223e+00 |   0.000e+00 |   6.502e-02 | 3.104e+01 |  | 0.8087 | 11895.2614 | 693468.7293 | 60.2182 | 7.7063 | 0.5594 | 0.2847 | 0.8500 | 0.1997 | 0.7500 | 0.1481 | 0.1865 | 0.1092 | 0.2549 | 0.2519 | -0.1992 | 0.0092 | -0.3032 | 0.0785 | 0.0652 | -0.1915 | -0.0004
   2 |        116 | -1.010255e+00 |   0.000e+00 |   7.795e-06 | 3.105e+01 |  | 0.8087 | 11895.2603 | 693468.6039 | 60.2182 | 7.7063 | 0.5594 | 0.2847 | 0.8500 | 0.1997 | 0.7500 | 0.1481 | 0.1865 | 0.1092 | 0.2549 | 0.2519 | -0.1992 | 0.0092 | -0.3032 | 0.0785 | 0.0652 | -0.1915 | -0.0004
   3 |        157 | -1.010357e+00 |   0.000e+00 |   8.505e-03 | 1.972e+00 |  | 0.8087 | 11896.2024 | 693358.5384 | 60.2220 | 7.7093 | 0.5596 | 0.2846 | 0.8500 | 0.1996 | 0.7500 | 0.1479 | 0.1870 | 0.1094 | 0.2539 | 0.2509 | -0.1982 | 0.0092 | -0.3028 | 0.0785 | 0.0652 | -0.1914 | -0.0008
   4 |        180 | -1.016501e+00 |   8.074e-04 |   2.469e-01 | 4.439e+00 |  | 0.7693 | 12474.2640 | 693874.0780 | 62.5632 | 7.3224 | 0.5526 | 0.2826 | 0.8500 | 0.1990 | 0.7500 | 0.1376 | 0.2024 | 0.1089 | 0.2450 | 0.2465 | -0.1934 | 0.0081 | -0.2774 | 0.0693 | 0.0677 | -0.1067 | 0.0008
   5 |        226 | -1.016503e+00 |   8.073e-04 |   3.274e-04 | 2.988e+00 |  | 0.7693 | 12474.3447 | 693855.5249 | 62.5636 | 7.3223 | 0.5526 | 0.2826 | 0.8500 | 0.1990 | 0.7500 | 0.1376 | 0.2024 | 0.1089 | 0.2450 | 0.2465 | -0.1934 | 0.0081 | -0.2774 | 0.0693 | 0.0677 | -0.1067 | 0.0008
   6 |        263 | -1.015720e+00 |   0.000e+00 |   1.003e-02 | 4.420e+00 |  | 0.7692 | 12476.3439 | 693857.3698 | 62.5717 | 7.3320 | 0.5527 | 0.2833 | 0.8500 | 0.1989 | 0.7500 | 0.1378 | 0.2019 | 0.1093 | 0.2436 | 0.2467 | -0.1935 | 0.0081 | -0.2772 | 0.0693 | 0.0677 | -0.1079 | -0.0001
   7 |        295 | -1.018504e+00 |   0.000e+00 |   1.920e-01 | 3.167e+01 |  | 0.7710 | 12488.1995 | 693868.3101 | 62.6197 | 7.4152 | 0.5504 | 0.2876 | 0.8500 | 0.1983 | 0.7500 | 0.1400 | 0.1895 | 0.1185 | 0.2190 | 0.2571 | -0.1997 | 0.0071 | -0.2711 | 0.0713 | 0.0687 | -0.1073 | -0.0075
   8 |        333 | -1.018951e+00 |   0.000e+00 |   3.070e-02 | 4.749e+01 |  | 0.7712 | 12484.0360 | 693546.4896 | 62.6252 | 7.4248 | 0.5502 | 0.2871 | 0.8500 | 0.1981 | 0.7500 | 0.1408 | 0.1875 | 0.1202 | 0.2161 | 0.2585 | -0.2016 | 0.0070 | -0.2689 | 0.0717 | 0.0683 | -0.1071 | -0.0085
   9 |        376 | -1.019009e+00 |   0.000e+00 |   2.979e-03 | 2.965e+01 |  | 0.7711 | 12483.3379 | 693492.5270 | 62.6196 | 7.4253 | 0.5502 | 0.2872 | 0.8500 | 0.1981 | 0.7500 | 0.1409 | 0.1874 | 0.1204 | 0.2162 | 0.2584 | -0.2017 | 0.0070 | -0.2684 | 0.0717 | 0.0683 | -0.1070 | -0.0085
  10 |        426 | -1.019020e+00 |   0.000e+00 |   1.378e-04 | 3.133e+01 |  | 0.7711 | 12483.2805 | 693492.5566 | 62.6192 | 7.4254 | 0.5502 | 0.2872 | 0.8500 | 0.1981 | 0.7500 | 0.1409 | 0.1874 | 0.1204 | 0.2162 | 0.2584 | -0.2017 | 0.0070 | -0.2684 | 0.0717 | 0.0683 | -0.1071 | -0.0085
  11 |        451 | -1.031273e+00 |   0.000e+00 |   2.651e+00 | 8.084e+00 |  | 0.7609 | 12054.7499 | 693712.9932 | 63.1909 | 7.3137 | 0.6067 | 0.3383 | 0.8500 | 0.1877 | 0.7500 | 0.2377 | 0.1664 | 0.3316 | 0.2110 | 0.3246 | -0.0739 | 0.0112 | -0.3060 | 0.0071 | -0.0036 | -0.4062 | -0.0064
  12 |        489 | -1.031284e+00 |   0.000e+00 |   6.406e-03 | 4.644e+00 |  | 0.7608 | 12055.3589 | 693714.6162 | 63.1561 | 7.3235 | 0.6063 | 0.3387 | 0.8500 | 0.1877 | 0.7499 | 0.2381 | 0.1661 | 0.3317 | 0.2104 | 0.3252 | -0.0738 | 0.0112 | -0.3051 | 0.0070 | -0.0035 | -0.4075 | -0.0068
  13 |        520 | -1.032680e+00 |   0.000e+00 |   3.876e-01 | 2.861e+00 |  | 0.7607 | 12084.1872 | 689811.2012 | 62.7347 | 7.4426 | 0.6113 | 0.3319 | 0.8500 | 0.1866 | 0.7499 | 0.2271 | 0.1674 | 0.3004 | 0.1998 | 0.3229 | -0.0945 | 0.0106 | -0.2977 | 0.0147 | 0.0079 | -0.3948 | -0.0131
  14 |        547 | -1.032697e+00 |   0.000e+00 |   1.414e-01 | 6.944e+00 |  | 0.7569 | 12149.0925 | 690352.3230 | 63.0012 | 7.5203 | 0.6001 | 0.3330 | 0.8500 | 0.1867 | 0.7498 | 0.2318 | 0.1644 | 0.3072 | 0.1961 | 0.3370 | -0.0830 | 0.0107 | -0.2896 | 0.0086 | 0.0081 | -0.4144 | -0.0223
